24 76
1 2 6 0.15 25900.20064 4
1 3 4 0.15 23403.47319 4
2 1 6 0.15 25900.20064 4
2 6 5 0.15 4958.180928 4
3 1 4 0.15 23403.47319 4
3 4 4 0.15 17110.52372 4
3 12 4 0.15 23403.47319 4
4 3 4 0.15 17110.52372 4
4 5 2 0.15 17782.7941 4
4 11 6 0.15 4908.82673 4
5 4 2 0.15 17782.7941 4
5 6 4 0.15 4947.995469 4
5 9 5 0.15 10000 4
6 2 5 0.15 4958.180928 4
6 5 4 0.15 4947.995469 4
6 8 2 0.15 4898.587646 4
7 8 3 0.15 7841.81131 4
7 18 2 0.15 23403.47319 4
8 6 2 0.15 4898.587646 4
8 7 3 0.15 7841.81131 4
8 9 10 0.15 5050.193156 4
8 16 5 0.15 5045.822583 4
9 5 5 0.15 10000 4
9 8 10 0.15 5050.193156 4
9 10 3 0.15 13915.78842 4
10 9 3 0.15 13915.78842 4
10 11 5 0.15 10000 4
10 15 6 0.15 13512.00155 4
10 16 4 0.15 4854.917717 4
10 17 8 0.15 4993.510694 4
11 4 6 0.15 4908.82673 4
11 10 5 0.15 10000 4
11 12 6 0.15 4908.82673 4
11 14 4 0.15 4876.508287 4
12 3 4 0.15 23403.47319 4
12 11 6 0.15 4908.82673 4
12 13 3 0.15 25900.20064 4
13 12 3 0.15 25900.20064 4
13 24 4 0.15 5091.256152 4
14 11 4 0.15 4876.508287 4
14 15 5 0.15 5127.526119 4
14 23 4 0.15 4924.790605 4
15 10 6 0.15 13512.00155 4
15 14 5 0.15 5127.526119 4
15 19 3 0.15 14564.75315 4
15 22 3 0.15 9599.180565 4
16 8 5 0.15 5045.822583 4
16 10 4 0.15 4854.917717 4
16 17 2 0.15 5229.910063 4
16 18 3 0.15 19679.89671 4
17 10 8 0.15 4993.510694 4
17 16 2 0.15 5229.910063 4
17 19 2 0.15 4823.950831 4
18 7 2 0.15 23403.47319 4
18 16 3 0.15 19679.89671 4
18 20 4 0.15 23403.47319 4
19 15 3 0.15 14564.75315 4
19 17 2 0.15 4823.950831 4
19 20 4 0.15 5002.607563 4
20 18 4 0.15 23403.47319 4
20 19 4 0.15 5002.607563 4
20 21 6 0.15 5059.91234 4
20 22 5 0.15 5075.697193 4
21 20 6 0.15 5059.91234 4
21 22 2 0.15 5229.910063 4
21 24 3 0.15 4885.357564 4
22 15 3 0.15 9599.180565 4
22 20 5 0.15 5075.697193 4
22 21 2 0.15 5229.910063 4
22 23 4 0.15 5000 4
23 14 4 0.15 4924.790605 4
23 22 4 0.15 5000 4
23 24 2 0.15 5078.508436 4
24 13 4 0.15 5091.256152 4
24 21 3 0.15 4885.357564 4
24 23 2 0.15 5078.508436 4
